$ 1 0.000005 382.76258214399064 68 5 50 5e-11
a 400 304 528 304 8 15 -15 1000000 0.00006589141497586323 0 100000
g 144 176 144 224 0 0
w 144 144 144 96 0
r 144 96 272 96 0 220000
w 144 96 144 32 0
r 144 32 528 32 0 100000
w 272 96 272 160 0
w 272 160 304 160 0
174 608 112 608 192 1 100000 0.32180000000000003 Resistance
g 304 320 304 352 0 0
c 528 160 400 160 4 0.00001 -6.589207389001299 0.001 0
a 144 160 272 160 9 15 -15 1000000 0 0.15747013669908938 100000
w 400 160 400 288 0
g 400 320 400 368 0 0
a 640 288 768 288 8 15 -15 1000000 4.471648351651346 -6.589141497586323 100000
w 640 272 640 160 0
w 640 160 624 160 0
g 608 208 608 224 0 0
r 608 112 608 64 0 82000
w 768 288 768 176 0
r 768 288 864 288 0 100000
a 864 304 992 304 8 15 -15 1000000 -0.0005530118407648388 0 100000
g 864 320 864 368 0 0
w 864 288 864 240 0
r 864 240 992 240 0 100000
w 992 240 992 304 0
c 768 176 1024 176 4 1.0000000000000001e-7 -15.001084621106893 0.001 0
c 992 304 1056 304 4 1.0000000000000001e-7 15.000000388764638 0.001 0
r 1088 304 1088 384 0 10000
r 1088 96 1088 176 0 10000
g 1088 96 1088 80 0 0
r 1328 240 1248 240 0 8200
g 1888 256 1888 272 0 0
w 528 304 640 304 0
w 528 160 528 304 0
w 528 160 528 32 0
w 1056 304 1088 304 0
w 1024 176 1088 176 0
d 1088 176 1168 176 2 default
d 1088 304 1168 304 2 default
w 304 160 304 176 0
174 304 256 304 320 1 5000 0.9950000000000001 Resistance
w 320 288 400 288 0
r 304 176 304 256 0 1900
w 1168 176 1168 240 0
w 1168 304 1168 240 0
g 1088 384 1088 400 0 0
a 1552 256 1664 256 9 15 -15 1000000 0 -0.0010108944614728443 100000
g 1552 272 1552 336 0 0
d 1664 256 1712 256 2 default
d 1168 240 1248 240 2 default
c 1328 240 1392 240 4 0.000009999999999999999 0.0009999998835120568 0.001 0
w 1392 240 1552 240 0
R 608 64 608 16 0 0 40 12 0 0 0.5
r 1712 256 1792 256 0 880
g 1792 160 1792 144 0 0
r 1792 160 1792 256 0 1000
r 1792 256 1888 256 0 1000
O 1792 256 1856 304 0 0
o 33 16 0 4099 10 0.00009765625 0 2 33 3
o 20 128 0 4099 20 0.0001953125 1 2 20 3
o 43 128 0 4099 20 0.0125 2 2 43 3
o 57 64 0 4099 10 0.00625 3 2 57 3
